#	DR	BN		LS				L2	E		MAE	MSE	RMSE	R2
0	0	TRUE	[64, 32, 16]	0	25		71.942	5200.6312	72.1154	-272.925
1	0	TRUE	[64, 32, 16]	0	50		63.3929	4052.0613	63.6558	-212.4281
2	0	TRUE	[64, 32, 16]	0	75		51.6626	2724.8373	52.2	-142.5213
3	0	TRUE	[64, 32, 16]	0	100		33.7148	1196.5926	34.5918	-62.0263
4	0	TRUE	[64, 32, 16]	0	125		10.6729	154.2819	12.421	-7.1263
5	0	TRUE	[64, 32, 16]	0.0001	25		73.4142	5408.5452	73.5428	-283.8762
6	0	TRUE	[64, 32, 16]	0.0001	50		64.0973	4127.4493	64.2452	-216.3989
7	0	TRUE	[64, 32, 16]	0.0001	75		52.0289	2725.9915	52.211	-142.5821
8	0	TRUE	[64, 32, 16]	0.0001	100		34.4373	1204.9135	34.7119	-62.4646
9	0	TRUE	[64, 32, 16]	0.0001	125		11.1173	142.5804	11.9407	-6.5099
10	0	TRUE	[64, 32, 16]	0.001	25		73.2183	5379.8436	73.3474	-282.3644
11	0	TRUE	[64, 32, 16]	0.001	50		63.6334	4068.1965	63.7824	-213.278
12	0	TRUE	[64, 32, 16]	0.001	75		50.2188	2540.9105	50.4074	-132.8336
13	0	TRUE	[64, 32, 16]	0.001	100		32.8286	1096.7056	33.1165	-56.7651
14	0	TRUE	[64, 32, 16]	0.001	125		10.2733	124.526	11.1591	-5.559
15	0	TRUE	[64, 32, 16]	0.01	25		73.4874	5419.4282	73.6168	-284.4494
16	0	TRUE	[64, 32, 16]	0.01	50		61.9834	3860.9265	62.1364	-202.3608
17	0	TRUE	[64, 32, 16]	0.01	75		50.764	2595.965	50.9506	-135.7334
18	0	TRUE	[64, 32, 16]	0.01	100		32.8489	1098.035	33.1366	-56.8351
19	0	TRUE	[64, 32, 16]	0.01	125		10.2615	124.2846	11.1483	-5.5463
20	0	TRUE	[128, 64, 32]	0	25		70.0702	4932.0687	70.2287	-258.7794
21	0	TRUE	[128, 64, 32]	0	50		52.5667	2805.5977	52.9679	-146.775
22	0	TRUE	[128, 64, 32]	0	75		21.0511	548.8542	23.4276	-27.909
23	0	TRUE	[128, 64, 32]	0	100		4.684	35.6887	5.974	-0.8798
24	0	TRUE	[128, 64, 32]	0	125		4.1434	26.3067	5.129	-0.3856
25	0	TRUE	[128, 64, 32]	0.0001	25		70.6625	5012.1618	70.7966	-262.9981
26	0	TRUE	[128, 64, 32]	0.0001	50		53.6257	2894.7029	53.8024	-151.4683
27	0	TRUE	[128, 64, 32]	0.0001	75		27.8899	796.8297	28.2282	-40.9702
28	0	TRUE	[128, 64, 32]	0.0001	100		6.7432	71.798	8.4734	-2.7817
29	0	TRUE	[128, 64, 32]	0.0001	125		3.9159	23.651	4.8632	-0.2457
30	0	TRUE	[128, 64, 32]	0.001	25		69.5414	4854.9985	69.6778	-254.72
31	0	TRUE	[128, 64, 32]	0.001	50		53.3342	2863.5186	53.5119	-149.8258
32	0	TRUE	[128, 64, 32]	0.001	75		27.8511	794.6698	28.1899	-40.8564
33	0	TRUE	[128, 64, 32]	0.001	100		4.8234	42.3229	6.5056	-1.2292
34	0	TRUE	[128, 64, 32]	0.001	125		3.8656	24.327	4.9322	-0.2813
35	0	TRUE	[128, 64, 32]	0.01	25		69.0637	4788.7824	69.201	-251.2323
36	0	TRUE	[128, 64, 32]	0.01	50		54.2199	2958.7796	54.3947	-154.8434
37	0	TRUE	[128, 64, 32]	0.01	75		26.6028	726.6952	26.9573	-37.2761
38	0	TRUE	[128, 64, 32]	0.01	100		4.5989	32.3931	5.6915	-0.7062
39	0	TRUE	[128, 64, 32]	0.01	125		3.9735	25.8	5.0794	-0.3589
40	0	TRUE	[64, 64]	0	25		64.4812	4182.6443	64.6734	-219.3061
41	0	TRUE	[64, 64]	0	50		31.1267	1054.6121	32.4748	-54.548
42	0	TRUE	[64, 64]	0	75		4.7915	35.0204	5.9178	-0.8446
43	0	TRUE	[64, 64]	0	100		4.0572	25.449	5.0447	-0.3404
44	0	TRUE	[64, 64]	0	125		3.9898	24.6522	4.9651	-0.2985
45	0	TRUE	[64, 64]	0.0001	25		63.9159	4104.2734	64.0646	-215.1782
46	0	TRUE	[64, 64]	0.0001	50		33.871	1166.2236	34.15	-60.4267
47	0	TRUE	[64, 64]	0.0001	75		3.9609	23.3966	4.837	-0.2323
48	0	TRUE	[64, 64]	0.0001	100		3.9104	25.5841	5.0581	-0.3476
49	0	TRUE	[64, 64]	0.0001	125		4.2957	30.2318	5.4983	-0.5924
50	0	TRUE	[64, 64]	0.001	25		64.7172	4207.3029	64.8637	-220.6049
51	0	TRUE	[64, 64]	0.001	50		31.3325	1000.7194	31.6341	-51.7094
52	0	TRUE	[64, 64]	0.001	75		3.8752	24.023	4.9013	-0.2653
53	0	TRUE	[64, 64]	0.001	100		4.0168	25.891	5.0883	-0.3637
54	0	TRUE	[64, 64]	0.001	125		3.8716	26.0655	5.1054	-0.3729
55	0	TRUE	[64, 64]	0.01	25		65.6037	4322.9178	65.7489	-226.6946
56	0	TRUE	[64, 64]	0.01	50		34.0608	1179.1275	34.3384	-61.1064
57	0	TRUE	[64, 64]	0.01	75		3.7856	22.6025	4.7542	-0.1905
58	0	TRUE	[64, 64]	0.01	100		3.9877	25.1192	5.0119	-0.3231
59	0	TRUE	[64, 64]	0.01	125		4.1918	28.9316	5.3788	-0.5239
60	0	TRUE	[256, 128, 64]	0	25		64.8569	4227.6442	65.0203	-221.6764
61	0	TRUE	[256, 128, 64]	0	50		34.4193	1246.7482	35.3093	-64.6681
62	0	TRUE	[256, 128, 64]	0	75		4.2821	28.8923	5.3752	-0.5218
63	0	TRUE	[256, 128, 64]	0	100		3.8785	23.6097	4.859	-0.2436
64	0	TRUE	[256, 128, 64]	0	125		3.8319	24.1123	4.9104	-0.27
65	0	TRUE	[256, 128, 64]	0.0001	25		65.2944	4282.3462	65.4396	-224.5576
66	0	TRUE	[256, 128, 64]	0.0001	50		33.5939	1147.5379	33.8753	-59.4425
67	0	TRUE	[256, 128, 64]	0.0001	75		3.8622	22.8795	4.7833	-0.2051
68	0	TRUE	[256, 128, 64]	0.0001	100		4.3801	30.2213	5.4974	-0.5918
69	0	TRUE	[256, 128, 64]	0.0001	125		3.9718	26.0919	5.108	-0.3743
70	0	TRUE	[256, 128, 64]	0.001	25		65.0046	4244.5788	65.1504	-222.5683
71	0	TRUE	[256, 128, 64]	0.001	50		32.8982	1101.2749	33.1855	-57.0058
72	0	TRUE	[256, 128, 64]	0.001	75		4.4585	32.0767	5.6636	-0.6895
73	0	TRUE	[256, 128, 64]	0.001	100		3.7875	23.4845	4.8461	-0.237
74	0	TRUE	[256, 128, 64]	0.001	125		4.2457	27.4414	5.2385	-0.4454
75	0	TRUE	[256, 128, 64]	0.01	25		64.9058	4231.7472	65.0519	-221.8925
76	0	TRUE	[256, 128, 64]	0.01	50		33.2174	1122.3807	33.502	-58.1175
77	0	TRUE	[256, 128, 64]	0.01	75		4.6847	33.2773	5.7686	-0.7528
78	0	TRUE	[256, 128, 64]	0.01	100		3.7368	23.6494	4.8631	-0.2456
79	0	TRUE	[256, 128, 64]	0.01	125		4.4938	29.1062	5.395	-0.5331
80	0	TRUE	[128, 64, 32]	0	25		70.4904	4992.9347	70.6607	-261.9854
81	0	TRUE	[128, 64, 32]	0	50		53.2394	2884.934	53.7116	-150.9538
82	0	TRUE	[128, 64, 32]	0	75		26.2744	901.4956	30.0249	-46.4831
83	0	TRUE	[128, 64, 32]	0	100		4.0369	26.4979	5.1476	-0.3957
84	0	TRUE	[128, 64, 32]	0	125		4.1642	27.1738	5.2128	-0.4313
85	0	TRUE	[128, 64, 32]	0.0001	25		69.9042	4905.5898	70.0399	-257.3848
86	0	TRUE	[128, 64, 32]	0.0001	50		53.5017	2881.42	53.6789	-150.7687
87	0	TRUE	[128, 64, 32]	0.0001	75		27.764	789.824	28.1038	-40.6012
88	0	TRUE	[128, 64, 32]	0.0001	100		4.9306	40.6368	6.3747	-1.1404
89	0	TRUE	[128, 64, 32]	0.0001	125		3.8479	23.1833	4.8149	-0.2211
90	0	TRUE	[128, 64, 32]	0.001	25		70.645	5009.7034	70.7793	-262.8686
91	0	TRUE	[128, 64, 32]	0.001	50		54.674	3008.2365	54.8474	-157.4483
92	0	TRUE	[128, 64, 32]	0.001	75		26.5267	722.6501	26.8822	-37.0631
93	0	TRUE	[128, 64, 32]	0.001	100		5.3731	48.0945	6.935	-1.5332
94	0	TRUE	[128, 64, 32]	0.001	125		4.0407	26.1741	5.1161	-0.3786
95	0	TRUE	[128, 64, 32]	0.01	25		71.6606	5154.2349	71.793	-270.4813
96	0	TRUE	[128, 64, 32]	0.01	50		52.2711	2751.2526	52.4524	-143.9126
97	0	TRUE	[128, 64, 32]	0.01	75		26.9092	743.0893	27.2597	-38.1396
98	0	TRUE	[128, 64, 32]	0.01	100		4.1213	26.2555	5.124	-0.3829
99	0	TRUE	[128, 64, 32]	0.01	125		3.7647	22.7944	4.7744	-0.2006
100	0.1	TRUE	[64, 32, 16]	0	25		72.8714	5331.7489	73.0188	-279.8312
101	0.1	TRUE	[64, 32, 16]	0	50		64.8938	4243.1029	65.1391	-222.4906
102	0.1	TRUE	[64, 32, 16]	0	75		52.333	2778.0456	52.7072	-145.3238
103	0.1	TRUE	[64, 32, 16]	0	100		35.8299	1357.1932	36.8401	-70.4854
104	0.1	TRUE	[64, 32, 16]	0	125		13.6441	224.0733	14.9691	-10.8023
105	0.1	TRUE	[64, 32, 16]	0.0001	25		73.0415	5354.5863	73.175	-281.0341
106	0.1	TRUE	[64, 32, 16]	0.0001	50		64.7875	4230.9531	65.0458	-221.8506
107	0.1	TRUE	[64, 32, 16]	0.0001	75		51.8669	2723.5384	52.1875	-142.4529
108	0.1	TRUE	[64, 32, 16]	0.0001	100		34.1303	1238.2735	35.1891	-64.2217
109	0.1	TRUE	[64, 32, 16]	0.0001	125		12.9417	208.524	14.4404	-9.9833
110	0.1	TRUE	[64, 32, 16]	0.001	25		73.741	5461.4561	73.9017	-286.6631
111	0.1	TRUE	[64, 32, 16]	0.001	50		64.7715	4231.3562	65.0489	-221.8719
112	0.1	TRUE	[64, 32, 16]	0.001	75		52.7679	2847.3663	53.3607	-148.9751
113	0.1	TRUE	[64, 32, 16]	0.001	100		35.2441	1305.1268	36.1265	-67.743
114	0.1	TRUE	[64, 32, 16]	0.001	125		12.3616	188.7114	13.7372	-8.9397
115	0.1	TRUE	[64, 32, 16]	0.01	25		73.9967	5495.3123	74.1304	-288.4463
116	0.1	TRUE	[64, 32, 16]	0.01	50		64.5819	4198.1742	64.7933	-220.1241
117	0.1	TRUE	[64, 32, 16]	0.01	75		53.4358	2892.6193	53.7831	-151.3586
118	0.1	TRUE	[64, 32, 16]	0.01	100		34.942	1328.0992	36.4431	-68.953
119	0.1	TRUE	[64, 32, 16]	0.01	125		13.2007	204.919	14.315	-9.7934
120	0.1	TRUE	[128, 64, 32]	0	25		71.6896	5161.0858	71.8407	-270.8421
121	0.1	TRUE	[128, 64, 32]	0	50		54.8131	3034.6423	55.0876	-158.8392
122	0.1	TRUE	[128, 64, 32]	0	75		30.638	1025.5601	32.0244	-53.0178
123	0.1	TRUE	[128, 64, 32]	0	100		4.6044	37.144	6.0946	-0.9564
124	0.1	TRUE	[128, 64, 32]	0	125		3.8161	22.9056	4.786	-0.2065
125	0.1	TRUE	[128, 64, 32]	0.0001	25		71.1126	5079.3376	71.2695	-266.5363
126	0.1	TRUE	[128, 64, 32]	0.0001	50		56.5546	3241.9779	56.9384	-169.7598
127	0.1	TRUE	[128, 64, 32]	0.0001	75		29.7774	944.4822	30.7324	-48.7473
128	0.1	TRUE	[128, 64, 32]	0.0001	100		4.4729	31.7827	5.6376	-0.674
129	0.1	TRUE	[128, 64, 32]	0.0001	125		3.9682	26.7047	5.1677	-0.4066
130	0.1	TRUE	[128, 64, 32]	0.001	25		70.9441	5053.7746	71.0899	-265.1899
131	0.1	TRUE	[128, 64, 32]	0.001	50		55.1625	3073.5458	55.4396	-160.8883
132	0.1	TRUE	[128, 64, 32]	0.001	75		31.1449	1043.0195	32.2958	-53.9374
133	0.1	TRUE	[128, 64, 32]	0.001	100		4.7941	40.185	6.3392	-1.1166
134	0.1	TRUE	[128, 64, 32]	0.001	125		3.4352	20.743	4.5544	-0.0926
135	0.1	TRUE	[128, 64, 32]	0.01	25		69.0107	4784.3826	69.1692	-251.0006
136	0.1	TRUE	[128, 64, 32]	0.01	50		56.2872	3202.2	56.588	-167.6647
137	0.1	TRUE	[128, 64, 32]	0.01	75		30.9569	1036.7291	32.1983	-53.6061
138	0.1	TRUE	[128, 64, 32]	0.01	100		4.0452	26.2314	5.1217	-0.3816
139	0.1	TRUE	[128, 64, 32]	0.01	125		3.6255	22.7536	4.7701	-0.1985
140	0.1	TRUE	[64, 64]	0	25		66.4021	4435.016	66.5959	-232.5989
141	0.1	TRUE	[64, 64]	0	50		39.6096	1638.1134	40.4736	-85.2819
142	0.1	TRUE	[64, 64]	0	75		4.2201	28.4831	5.337	-0.5002
143	0.1	TRUE	[64, 64]	0	100		4.0237	26.2906	5.1274	-0.3848
144	0.1	TRUE	[64, 64]	0	125		4.0342	26.2614	5.1246	-0.3832
145	0.1	TRUE	[64, 64]	0.0001	25		67.8619	4630.0961	68.0448	-242.8741
146	0.1	TRUE	[64, 64]	0.0001	50		37.4316	1518.4704	38.9676	-78.9801
147	0.1	TRUE	[64, 64]	0.0001	75		4.373	29.6071	5.4412	-0.5594
148	0.1	TRUE	[64, 64]	0.0001	100		3.9736	24.8726	4.9872	-0.3101
149	0.1	TRUE	[64, 64]	0.0001	125		3.8811	25.1613	5.0161	-0.3253
150	0.1	TRUE	[64, 64]	0.001	25		67.7089	4612.991	67.919	-241.9731
151	0.1	TRUE	[64, 64]	0.001	50		37.8103	1503.3066	38.7725	-78.1814
152	0.1	TRUE	[64, 64]	0.001	75		4.3984	31.0512	5.5724	-0.6355
153	0.1	TRUE	[64, 64]	0.001	100		3.9371	25.4915	5.0489	-0.3427
154	0.1	TRUE	[64, 64]	0.001	125		4.0326	26.0105	5.1001	-0.37
155	0.1	TRUE	[64, 64]	0.01	25		67.3976	4562.6503	67.5474	-239.3216
156	0.1	TRUE	[64, 64]	0.01	50		38.204	1506.1079	38.8086	-78.329
157	0.1	TRUE	[64, 64]	0.01	75		4.441	31.1976	5.5855	-0.6432
158	0.1	TRUE	[64, 64]	0.01	100		4.0428	24.7424	4.9742	-0.3032
159	0.1	TRUE	[64, 64]	0.01	125		4.0503	26.0165	5.1006	-0.3703
160	0.1	TRUE	[256, 128, 64]	0	25		68.1091	4660.15	68.2653	-244.4571
161	0.1	TRUE	[256, 128, 64]	0	50		37.6987	1481.4195	38.4892	-77.0286
162	0.1	TRUE	[256, 128, 64]	0	75		4.3568	29.9948	5.4767	-0.5799
163	0.1	TRUE	[256, 128, 64]	0	100		3.935	26.2658	5.125	-0.3835
164	0.1	TRUE	[256, 128, 64]	0	125		4.1107	26.0224	5.1012	-0.3706
165	0.1	TRUE	[256, 128, 64]	0.0001	25		68.1872	4670.8288	68.3435	-245.0196
166	0.1	TRUE	[256, 128, 64]	0.0001	50		35.8909	1340.8616	36.6178	-69.6252
167	0.1	TRUE	[256, 128, 64]	0.0001	75		4.5543	32.91	5.7367	-0.7334
168	0.1	TRUE	[256, 128, 64]	0.0001	100		4.2542	28.0717	5.2983	-0.4786
169	0.1	TRUE	[256, 128, 64]	0.0001	125		3.9032	23.654	4.8635	-0.2459
170	0.1	TRUE	[256, 128, 64]	0.001	25		68.1561	4666.9286	68.3149	-244.8141
171	0.1	TRUE	[256, 128, 64]	0.001	50		35.7765	1409.1634	37.5388	-73.2227
172	0.1	TRUE	[256, 128, 64]	0.001	75		3.9802	24.7457	4.9745	-0.3034
173	0.1	TRUE	[256, 128, 64]	0.001	100		3.8732	24.2168	4.9211	-0.2755
174	0.1	TRUE	[256, 128, 64]	0.001	125		3.8921	25.2679	5.0267	-0.3309
175	0.1	TRUE	[256, 128, 64]	0.01	25		68.6291	4730.4241	68.7781	-248.1585
176	0.1	TRUE	[256, 128, 64]	0.01	50		37.1138	1440.4373	37.9531	-74.87
177	0.1	TRUE	[256, 128, 64]	0.01	75		4.2877	31.4873	5.6114	-0.6585
178	0.1	TRUE	[256, 128, 64]	0.01	100		3.8582	23.9751	4.8964	-0.2628
179	0.1	TRUE	[256, 128, 64]	0.01	125		3.89	25.8904	5.0883	-0.3637
180	0.1	TRUE	[128, 64, 32]	0	25		70.906	5050.364	71.0659	-265.0102
181	0.1	TRUE	[128, 64, 32]	0	50		55.905	3154.3696	56.1638	-165.1454
182	0.1	TRUE	[128, 64, 32]	0	75		30.8189	1045.9331	32.3409	-54.0909
183	0.1	TRUE	[128, 64, 32]	0	100		4.3593	28.5575	5.3439	-0.5042
184	0.1	TRUE	[128, 64, 32]	0	125		3.7415	20.7991	4.5606	-0.0955
185	0.1	TRUE	[128, 64, 32]	0.0001	25		71.5038	5133.4742	71.6483	-269.3878
186	0.1	TRUE	[128, 64, 32]	0.0001	50		55.6309	3136.4825	56.0043	-164.2032
187	0.1	TRUE	[128, 64, 32]	0.0001	75		31.2329	1049.4128	32.3946	-54.2741
188	0.1	TRUE	[128, 64, 32]	0.0001	100		4.8792	38.2365	6.1836	-1.014
189	0.1	TRUE	[128, 64, 32]	0.0001	125		3.5953	22.0432	4.695	-0.161
190	0.1	TRUE	[128, 64, 32]	0.001	25		71.371	5116.8925	71.5325	-268.5144
191	0.1	TRUE	[128, 64, 32]	0.001	50		54.9792	3060.4996	55.3218	-160.2011
192	0.1	TRUE	[128, 64, 32]	0.001	75		31.4757	1087.3259	32.9746	-56.2711
193	0.1	TRUE	[128, 64, 32]	0.001	100		4.7581	35.9077	5.9923	-0.8913
194	0.1	TRUE	[128, 64, 32]	0.001	125		3.8805	24.6732	4.9672	-0.2996
195	0.1	TRUE	[128, 64, 32]	0.01	25		70.3283	4968.1946	70.4854	-260.6823
196	0.1	TRUE	[128, 64, 32]	0.01	50		55.4753	3105.5507	55.7275	-162.574
197	0.1	TRUE	[128, 64, 32]	0.01	75		29.8656	945.0858	30.7422	-48.7791
198	0.1	TRUE	[128, 64, 32]	0.01	100		4.2922	30.3871	5.5124	-0.6005
199	0.1	TRUE	[128, 64, 32]	0.01	125		3.8744	23.5303	4.8508	-0.2394
200	0.2	TRUE	[64, 32, 16]	0	25		74.2518	5533.012	74.3842	-290.432
201	0.2	TRUE	[64, 32, 16]	0	50		66.5532	4463.2441	66.8075	-234.0858
202	0.2	TRUE	[64, 32, 16]	0	75		54.5149	3017.4399	54.9312	-157.9331
203	0.2	TRUE	[64, 32, 16]	0	100		37.1586	1416.2578	37.6332	-73.5964
204	0.2	TRUE	[64, 32, 16]	0	125		14.9649	258.0551	16.0641	-12.5921
205	0.2	TRUE	[64, 32, 16]	0.0001	25		73.5506	5430.1735	73.6897	-285.0154
206	0.2	TRUE	[64, 32, 16]	0.0001	50		66.1434	4401.1154	66.3409	-230.8133
207	0.2	TRUE	[64, 32, 16]	0.0001	75		53.5556	2904.8704	53.8968	-152.0039
208	0.2	TRUE	[64, 32, 16]	0.0001	100		36.7723	1424.965	37.7487	-74.055
209	0.2	TRUE	[64, 32, 16]	0.0001	125		15.2657	263.6585	16.2376	-12.8873
210	0.2	TRUE	[64, 32, 16]	0.001	25		73.409	5410.2173	73.5542	-283.9643
211	0.2	TRUE	[64, 32, 16]	0.001	50		66.3889	4432.3683	66.576	-232.4595
212	0.2	TRUE	[64, 32, 16]	0.001	75		53.0096	2847.3099	53.3602	-148.9721
213	0.2	TRUE	[64, 32, 16]	0.001	100		37.6757	1495.2448	38.6684	-77.7568
214	0.2	TRUE	[64, 32, 16]	0.001	125		14.2345	250.7228	15.8342	-12.2059
215	0.2	TRUE	[64, 32, 16]	0.01	25		74.4006	5556.0768	74.5391	-291.6469
216	0.2	TRUE	[64, 32, 16]	0.01	50		65.6582	4333.552	65.8297	-227.2547
217	0.2	TRUE	[64, 32, 16]	0.01	75		54.5108	3008.1268	54.8464	-157.4425
218	0.2	TRUE	[64, 32, 16]	0.01	100		37.5166	1454.6924	38.1404	-75.6208
219	0.2	TRUE	[64, 32, 16]	0.01	125		14.2216	231.8557	15.2268	-11.2122
220	0.2	TRUE	[128, 64, 32]	0	25		71.6113	5148.0168	71.7497	-270.1538
221	0.2	TRUE	[128, 64, 32]	0	50		57.137	3314.8148	57.5744	-173.5963
222	0.2	TRUE	[128, 64, 32]	0	75		33.0556	1158.1602	34.0318	-60.002
223	0.2	TRUE	[128, 64, 32]	0	100		4.8647	36.3567	6.0297	-0.915
224	0.2	TRUE	[128, 64, 32]	0	125		3.6546	22.2069	4.7124	-0.1697
225	0.2	TRUE	[128, 64, 32]	0.0001	25		71.3592	5110.843	71.4902	-268.1958
226	0.2	TRUE	[128, 64, 32]	0.0001	50		57.0908	3286.3834	57.327	-172.0987
227	0.2	TRUE	[128, 64, 32]	0.0001	75		31.8679	1061.0623	32.574	-54.8877
228	0.2	TRUE	[128, 64, 32]	0.0001	100		4.9323	43.6302	6.6053	-1.2981
229	0.2	TRUE	[128, 64, 32]	0.0001	125		3.9319	23.0232	4.7982	-0.2127
230	0.2	TRUE	[128, 64, 32]	0.001	25		71.0846	5075.1168	71.2399	-266.314
231	0.2	TRUE	[128, 64, 32]	0.001	50		56.3789	3210.2071	56.6587	-168.0864
232	0.2	TRUE	[128, 64, 32]	0.001	75		34.2136	1360.2631	36.8817	-70.6471
233	0.2	TRUE	[128, 64, 32]	0.001	100		6.033	58.9138	7.6755	-2.1031
234	0.2	TRUE	[128, 64, 32]	0.001	125		3.789	24.3918	4.9388	-0.2848
235	0.2	TRUE	[128, 64, 32]	0.01	25		71.8103	5177.6612	71.956	-271.7152
236	0.2	TRUE	[128, 64, 32]	0.01	50		56.3368	3206.4426	56.6255	-167.8881
237	0.2	TRUE	[128, 64, 32]	0.01	75		32.5589	1096.4162	33.1122	-56.7499
238	0.2	TRUE	[128, 64, 32]	0.01	100		5.1287	40.6854	6.3785	-1.143
239	0.2	TRUE	[128, 64, 32]	0.01	125		3.9988	24.249	4.9243	-0.2772
240	0.2	TRUE	[64, 64]	0	25		68.0179	4654.7948	68.2261	-244.175
241	0.2	TRUE	[64, 64]	0	50		40.6214	1702.5518	41.262	-88.676
242	0.2	TRUE	[64, 64]	0	75		4.2219	26.1128	5.1101	-0.3754
243	0.2	TRUE	[64, 64]	0	100		3.8736	23.326	4.8297	-0.2286
244	0.2	TRUE	[64, 64]	0	125		4.0343	25.0847	5.0085	-0.3212
245	0.2	TRUE	[64, 64]	0.0001	25		66.8115	4489.5462	67.0041	-235.4711
246	0.2	TRUE	[64, 64]	0.0001	50		39.9029	1636.3284	40.4516	-85.1879
247	0.2	TRUE	[64, 64]	0.0001	75		4.559	32.3635	5.6889	-0.7046
248	0.2	TRUE	[64, 64]	0.0001	100		3.7193	23.7106	4.8694	-0.2489
249	0.2	TRUE	[64, 64]	0.0001	125		3.8747	23.5427	4.8521	-0.24
250	0.2	TRUE	[64, 64]	0.001	25		67.8946	4632.1201	68.0597	-242.9807
251	0.2	TRUE	[64, 64]	0.001	50		39.6795	1611.5077	40.1436	-83.8805
252	0.2	TRUE	[64, 64]	0.001	75		4.4044	31.2478	5.59	-0.6459
253	0.2	TRUE	[64, 64]	0.001	100		3.8374	25.0602	5.006	-0.32
254	0.2	TRUE	[64, 64]	0.001	125		3.4335	19.8088	4.4507	-0.0434
255	0.2	TRUE	[64, 64]	0.01	25		68.0304	4650.4985	68.1946	-243.9487
256	0.2	TRUE	[64, 64]	0.01	50		40.5195	1696.6532	41.1905	-88.3653
257	0.2	TRUE	[64, 64]	0.01	75		4.3372	30.5999	5.5317	-0.6117
258	0.2	TRUE	[64, 64]	0.01	100		3.9129	24.8864	4.9886	-0.3108
259	0.2	TRUE	[64, 64]	0.01	125		3.9069	23.4101	4.8384	-0.233
260	0.2	TRUE	[256, 128, 64]	0	25		69.5248	4853.1209	69.6643	-254.6211
261	0.2	TRUE	[256, 128, 64]	0	50		41.6756	1786.9742	42.2726	-93.1226
262	0.2	TRUE	[256, 128, 64]	0	75		4.5984	34.6183	5.8837	-0.8234
263	0.2	TRUE	[256, 128, 64]	0	100		3.9215	25.8499	5.0843	-0.3616
264	0.2	TRUE	[256, 128, 64]	0	125		3.918	26.2596	5.1244	-0.3831
265	0.2	TRUE	[256, 128, 64]	0.0001	25		68.5177	4716.2545	68.675	-247.4122
266	0.2	TRUE	[256, 128, 64]	0.0001	50		39.905	1661.6186	40.763	-86.5199
267	0.2	TRUE	[256, 128, 64]	0.0001	75		4.8517	37.743	6.1435	-0.988
268	0.2	TRUE	[256, 128, 64]	0.0001	100		3.9733	25.5772	5.0574	-0.3472
269	0.2	TRUE	[256, 128, 64]	0.0001	125		3.5713	20.9619	4.5784	-0.1041
270	0.2	TRUE	[256, 128, 64]	0.001	25		70.5258	4996.3181	70.6846	-262.1636
271	0.2	TRUE	[256, 128, 64]	0.001	50		39.5533	1626.1429	40.3255	-84.6514
272	0.2	TRUE	[256, 128, 64]	0.001	75		4.7258	35.237	5.9361	-0.856
273	0.2	TRUE	[256, 128, 64]	0.001	100		3.9473	24.9318	4.9932	-0.3132
274	0.2	TRUE	[256, 128, 64]	0.001	125		4.0293	25.556	5.0553	-0.3461
275	0.2	TRUE	[256, 128, 64]	0.01	25		70.1217	4938.1142	70.2717	-259.0979
276	0.2	TRUE	[256, 128, 64]	0.01	50		41.4488	1759.9805	41.9521	-91.7008
277	0.2	TRUE	[256, 128, 64]	0.01	75		4.709	38.8234	6.2308	-1.0449
278	0.2	TRUE	[256, 128, 64]	0.01	100		3.7396	23.34	4.8311	-0.2294
279	0.2	TRUE	[256, 128, 64]	0.01	125		4.0553	26.1512	5.1138	-0.3774
280	0.2	TRUE	[128, 64, 32]	0	25		70.7542	5026.9884	70.9013	-263.779
281	0.2	TRUE	[128, 64, 32]	0	50		57.6886	3361.3469	57.9771	-176.0472
282	0.2	TRUE	[128, 64, 32]	0	75		33.7741	1191.7822	34.5222	-61.773
283	0.2	TRUE	[128, 64, 32]	0	100		5.4347	49.974	7.0692	-1.6322
284	0.2	TRUE	[128, 64, 32]	0	125		3.5802	22.1844	4.71	-0.1685
285	0.2	TRUE	[128, 64, 32]	0.0001	25		71.5677	5141.8593	71.7068	-269.8294
286	0.2	TRUE	[128, 64, 32]	0.0001	50		56.0502	3191.1151	56.49	-167.0808
287	0.2	TRUE	[128, 64, 32]	0.0001	75		33.7803	1198.9996	34.6266	-62.1531
288	0.2	TRUE	[128, 64, 32]	0.0001	100		4.5874	33.7986	5.8137	-0.7802
289	0.2	TRUE	[128, 64, 32]	0.0001	125		3.8868	23.8742	4.8861	-0.2575
290	0.2	TRUE	[128, 64, 32]	0.001	25		71.6171	5148.1464	71.7506	-270.1606
291	0.2	TRUE	[128, 64, 32]	0.001	50		57.4936	3348.1577	57.8633	-175.3525
292	0.2	TRUE	[128, 64, 32]	0.001	75		32.5303	1163.9294	34.1164	-60.3059
293	0.2	TRUE	[128, 64, 32]	0.001	100		5.0912	43.0439	6.5608	-1.2672
294	0.2	TRUE	[128, 64, 32]	0.001	125		3.5526	21.2859	4.6137	-0.1212
295	0.2	TRUE	[128, 64, 32]	0.01	25		71.411	5119.8614	71.5532	-268.6708
296	0.2	TRUE	[128, 64, 32]	0.01	50		57.7414	3369.9923	58.0516	-176.5025
297	0.2	TRUE	[128, 64, 32]	0.01	75		33.0013	1140.885	33.777	-59.0921
298	0.2	TRUE	[128, 64, 32]	0.01	100		4.6747	38.4996	6.2048	-1.0278
299	0.2	TRUE	[128, 64, 32]	0.01	125		3.5494	21.3753	4.6233	-0.1259
300	0.3	TRUE	[64, 32, 16]	0	25		74.3343	5545.3075	74.4668	-291.0797
301	0.3	TRUE	[64, 32, 16]	0	50		67.2929	4551.2771	67.4632	-238.7226
302	0.3	TRUE	[64, 32, 16]	0	75		55.6147	3142.9103	56.0617	-164.5418
303	0.3	TRUE	[64, 32, 16]	0	100		36.7115	1396.2204	37.366	-72.541
304	0.3	TRUE	[64, 32, 16]	0	125		16.978	315.4693	17.7615	-15.6162
305	0.3	TRUE	[64, 32, 16]	0.0001	25		72.8064	5321.5454	72.9489	-279.2938
306	0.3	TRUE	[64, 32, 16]	0.0001	50		66.7492	4480.7913	66.9387	-235.01
307	0.3	TRUE	[64, 32, 16]	0.0001	75		53.5158	2914.3712	53.9849	-152.5043
308	0.3	TRUE	[64, 32, 16]	0.0001	100		39.4844	1588.3115	39.8536	-82.6587
309	0.3	TRUE	[64, 32, 16]	0.0001	125		16.402	298.9293	17.2896	-14.7451
310	0.3	TRUE	[64, 32, 16]	0.001	25		73.4949	5421.1277	73.6283	-284.5389
311	0.3	TRUE	[64, 32, 16]	0.001	50		66.1646	4404.9936	66.3701	-231.0176
312	0.3	TRUE	[64, 32, 16]	0.001	75		53.8048	2938.137	54.2046	-153.7561
313	0.3	TRUE	[64, 32, 16]	0.001	100		38.2459	1505.1718	38.7965	-78.2797
314	0.3	TRUE	[64, 32, 16]	0.001	125		16.5936	299.2618	17.2992	-14.7626
315	0.3	TRUE	[64, 32, 16]	0.01	25		72.9621	5343.9924	73.1026	-280.4761
316	0.3	TRUE	[64, 32, 16]	0.01	50		65.5146	4319.6433	65.724	-226.5221
317	0.3	TRUE	[64, 32, 16]	0.01	75		53.7535	2918.3024	54.0213	-152.7114
318	0.3	TRUE	[64, 32, 16]	0.01	100		34.8057	1238.9643	35.1989	-64.2581
319	0.3	TRUE	[64, 32, 16]	0.01	125		18.3657	359.6206	18.9637	-17.9418
320	0.3	TRUE	[128, 64, 32]	0	25		71.932	5193.7269	72.0675	-272.5614
321	0.3	TRUE	[128, 64, 32]	0	50		58.5145	3468.9953	58.8982	-181.7172
322	0.3	TRUE	[128, 64, 32]	0	75		35.2925	1279.9623	35.7766	-66.4175
323	0.3	TRUE	[128, 64, 32]	0	100		5.6728	49.021	7.0015	-1.582
324	0.3	TRUE	[128, 64, 32]	0	125		3.8877	23.9004	4.8888	-0.2589
325	0.3	TRUE	[128, 64, 32]	0.0001	25		72.354	5256.0743	72.4988	-275.8453
326	0.3	TRUE	[128, 64, 32]	0.0001	50		58.4635	3443.9676	58.6853	-180.3989
327	0.3	TRUE	[128, 64, 32]	0.0001	75		34.022	1233.7013	35.1241	-63.9809
328	0.3	TRUE	[128, 64, 32]	0.0001	100		7.2588	80.287	8.9603	-3.2288
329	0.3	TRUE	[128, 64, 32]	0.0001	125		3.7773	23.2603	4.8229	-0.2252
330	0.3	TRUE	[128, 64, 32]	0.001	25		71.8383	5180.7084	71.9771	-271.8757
331	0.3	TRUE	[128, 64, 32]	0.001	50		58.9563	3505.6016	59.2081	-183.6453
332	0.3	TRUE	[128, 64, 32]	0.001	75		33.8158	1201.6788	34.6652	-62.2942
333	0.3	TRUE	[128, 64, 32]	0.001	100		5.8501	52.3649	7.2364	-1.7581
334	0.3	TRUE	[128, 64, 32]	0.001	125		3.9163	24.3595	4.9355	-0.2831
335	0.3	TRUE	[128, 64, 32]	0.01	25		72.7962	5319.5839	72.9355	-279.1905
336	0.3	TRUE	[128, 64, 32]	0.01	50		59.5193	3571.3502	59.7608	-187.1084
337	0.3	TRUE	[128, 64, 32]	0.01	75		34.74	1275.9543	35.7205	-66.2064
338	0.3	TRUE	[128, 64, 32]	0.01	100		7.3336	79.1893	8.8988	-3.171
339	0.3	TRUE	[128, 64, 32]	0.01	125		3.5518	22.0926	4.7003	-0.1637
340	0.3	TRUE	[64, 64]	0	25		68.9269	4778.9102	69.1297	-250.7124
341	0.3	TRUE	[64, 64]	0	50		42.6202	1857.0008	43.0929	-96.811
342	0.3	TRUE	[64, 64]	0	75		4.6133	36.4289	6.0356	-0.9188
343	0.3	TRUE	[64, 64]	0	100		3.9773	24.5258	4.9524	-0.2918
344	0.3	TRUE	[64, 64]	0	125		3.905	23.9286	4.8917	-0.2604
345	0.3	TRUE	[64, 64]	0.0001	25		68.9335	4779.8928	69.1368	-250.7641
346	0.3	TRUE	[64, 64]	0.0001	50		43.599	1952.4234	44.1862	-101.8371
347	0.3	TRUE	[64, 64]	0.0001	75		4.8188	36.5633	6.0468	-0.9258
348	0.3	TRUE	[64, 64]	0.0001	100		4.144	28.7802	5.3647	-0.5159
349	0.3	TRUE	[64, 64]	0.0001	125		3.8296	25.0371	5.0037	-0.3187
350	0.3	TRUE	[64, 64]	0.001	25		69.2408	4815.1641	69.3914	-252.6219
351	0.3	TRUE	[64, 64]	0.001	50		42.7349	1876.6082	43.3198	-97.8438
352	0.3	TRUE	[64, 64]	0.001	75		4.5691	38.7504	6.225	-1.041
353	0.3	TRUE	[64, 64]	0.001	100		4.0491	25.2617	5.0261	-0.3306
354	0.3	TRUE	[64, 64]	0.001	125		3.7587	24.1144	4.9106	-0.2701
355	0.3	TRUE	[64, 64]	0.01	25		68.5679	4723.1001	68.7248	-247.7728
356	0.3	TRUE	[64, 64]	0.01	50		42.037	1842.8001	42.9278	-96.063
357	0.3	TRUE	[64, 64]	0.01	75		4.4145	32.6769	5.7164	-0.7211
358	0.3	TRUE	[64, 64]	0.01	100		3.7704	22.6643	4.7607	-0.1938
359	0.3	TRUE	[64, 64]	0.01	125		3.6787	22.1513	4.7065	-0.1667
360	0.3	TRUE	[256, 128, 64]	0	25		67.8939	4630.4258	68.0472	-242.8915
361	0.3	TRUE	[256, 128, 64]	0	50		41.6969	1798.9239	42.4137	-93.752
362	0.3	TRUE	[256, 128, 64]	0	75		4.7162	38.7059	6.2214	-1.0387
363	0.3	TRUE	[256, 128, 64]	0	100		4.0707	26.5234	5.1501	-0.397
364	0.3	TRUE	[256, 128, 64]	0	125		3.6309	21.9322	4.6832	-0.1552
365	0.3	TRUE	[256, 128, 64]	0.0001	25		68.4816	4710.4794	68.6329	-247.108
366	0.3	TRUE	[256, 128, 64]	0.0001	50		43.7261	1963.4372	44.3107	-102.4172
367	0.3	TRUE	[256, 128, 64]	0.0001	75		4.4706	31.1521	5.5814	-0.6408
368	0.3	TRUE	[256, 128, 64]	0.0001	100		3.9735	25.204	5.0204	-0.3275
369	0.3	TRUE	[256, 128, 64]	0.0001	125		4.0491	26.0712	5.106	-0.3732
370	0.3	TRUE	[256, 128, 64]	0.001	25		67.5596	4588.4021	67.7377	-240.678
371	0.3	TRUE	[256, 128, 64]	0.001	50		44.4054	2069.1133	45.4875	-107.9833
372	0.3	TRUE	[256, 128, 64]	0.001	75		4.4187	32.2214	5.6764	-0.6971
373	0.3	TRUE	[256, 128, 64]	0.001	100		3.7521	23.1242	4.8088	-0.218
374	0.3	TRUE	[256, 128, 64]	0.001	125		4.0181	26.4622	5.1441	-0.3938
375	0.3	TRUE	[256, 128, 64]	0.01	25		68.0588	4653.7161	68.2182	-244.1182
376	0.3	TRUE	[256, 128, 64]	0.01	50		41.9709	1804.637	42.481	-94.0529
377	0.3	TRUE	[256, 128, 64]	0.01	75		5.5225	47.0164	6.8569	-1.4764
378	0.3	TRUE	[256, 128, 64]	0.01	100		3.5966	22.0806	4.699	-0.163
379	0.3	TRUE	[256, 128, 64]	0.01	125		3.7857	21.2555	4.6104	-0.1196
380	0.3	TRUE	[128, 64, 32]	0	25		71.128	5081.2396	71.2828	-266.6365
381	0.3	TRUE	[128, 64, 32]	0	50		58.418	3440.5459	58.6562	-180.2187
382	0.3	TRUE	[128, 64, 32]	0	75		35.7691	1346.0465	36.6885	-69.8983
383	0.3	TRUE	[128, 64, 32]	0	100		7.2917	76.2088	8.7298	-3.014
384	0.3	TRUE	[128, 64, 32]	0	125		4.0849	27.4922	5.2433	-0.4481
385	0.3	TRUE	[128, 64, 32]	0.0001	25		73.5014	5421.6213	73.6317	-284.5649
386	0.3	TRUE	[128, 64, 32]	0.0001	50		56.2778	3196.6315	56.5388	-167.3714
387	0.3	TRUE	[128, 64, 32]	0.0001	75		35.3074	1295.1482	35.9882	-67.2174
388	0.3	TRUE	[128, 64, 32]	0.0001	100		7.0289	71.4735	8.4542	-2.7646
389	0.3	TRUE	[128, 64, 32]	0.0001	125		3.8789	23.8919	4.8879	-0.2584
390	0.3	TRUE	[128, 64, 32]	0.001	25		70.1396	4940.5129	70.2888	-259.2242
391	0.3	TRUE	[128, 64, 32]	0.001	50		58.1227	3404.1043	58.3447	-178.2993
392	0.3	TRUE	[128, 64, 32]	0.001	75		35.5228	1290.9035	35.9291	-66.9938
393	0.3	TRUE	[128, 64, 32]	0.001	100		6.9848	71.9089	8.4799	-2.7875
394	0.3	TRUE	[128, 64, 32]	0.001	125		3.8608	25.1176	5.0117	-0.323
395	0.3	TRUE	[128, 64, 32]	0.01	25		71.7556	5169.7297	71.9008	-271.2974
396	0.3	TRUE	[128, 64, 32]	0.01	50		57.6471	3357.7308	57.9459	-175.8567
397	0.3	TRUE	[128, 64, 32]	0.01	75		35.1439	1308.284	36.1702	-67.9093
398	0.3	TRUE	[128, 64, 32]	0.01	100		7.0076	76.9309	8.771	-3.0521
399	0.3	TRUE	[128, 64, 32]	0.01	125		3.9802	26.2097	5.1195	-0.3805
400	0.4	TRUE	[64, 32, 16]	0	25		74.4522	5563.8728	74.5914	-292.0575
401	0.4	TRUE	[64, 32, 16]	0	50		66.3395	4423.7313	66.5111	-232.0046
402	0.4	TRUE	[64, 32, 16]	0	75		56.5235	3223.9318	56.7797	-168.8093
403	0.4	TRUE	[64, 32, 16]	0	100		37.5547	1439.1585	37.9362	-74.8026
404	0.4	TRUE	[64, 32, 16]	0	125		18.1302	370.3039	19.2433	-18.5045
405	0.4	TRUE	[64, 32, 16]	0.0001	25		73.618	5440.3825	73.7589	-285.5531
406	0.4	TRUE	[64, 32, 16]	0.0001	50		67.24	4550.4425	67.457	-238.6786
407	0.4	TRUE	[64, 32, 16]	0.0001	75		55.2054	3075.4202	55.4565	-160.987
408	0.4	TRUE	[64, 32, 16]	0.0001	100		39.2222	1573.4181	39.6663	-81.8743
409	0.4	TRUE	[64, 32, 16]	0.0001	125		19.9718	429.3161	20.7199	-21.6127
410	0.4	TRUE	[64, 32, 16]	0.001	25		72.4806	5272.9859	72.6153	-276.7361
411	0.4	TRUE	[64, 32, 16]	0.001	50		67.5125	4582.4494	67.6938	-240.3645
412	0.4	TRUE	[64, 32, 16]	0.001	75		54.2379	2977.184	54.5636	-155.8127
413	0.4	TRUE	[64, 32, 16]	0.001	100		40.1965	1653.598	40.6645	-86.0975
414	0.4	TRUE	[64, 32, 16]	0.001	125		18.7024	374.3695	19.3486	-18.7186
415	0.4	TRUE	[64, 32, 16]	0.01	25		73.6156	5438.9623	73.7493	-285.4783
416	0.4	TRUE	[64, 32, 16]	0.01	50		66.6912	4469.6175	66.8552	-234.4214
417	0.4	TRUE	[64, 32, 16]	0.01	75		55.0967	3081.643	55.5125	-161.3148
418	0.4	TRUE	[64, 32, 16]	0.01	100		37.7753	1459.5078	38.2035	-75.8745
419	0.4	TRUE	[64, 32, 16]	0.01	125		18.6984	380.3069	19.5015	-19.0313
420	0.4	TRUE	[128, 64, 32]	0	25		73.0025	5349.7025	73.1417	-280.7768
421	0.4	TRUE	[128, 64, 32]	0	50		59.0843	3514.4282	59.2826	-184.1102
422	0.4	TRUE	[128, 64, 32]	0	75		38.0089	1484.1922	38.5252	-77.1746
423	0.4	TRUE	[128, 64, 32]	0	100		8.8701	104.2511	10.2103	-4.4911
424	0.4	TRUE	[128, 64, 32]	0	125		3.902	25.3044	5.0304	-0.3328
425	0.4	TRUE	[128, 64, 32]	0.0001	25		71.4102	5119.1761	71.5484	-268.6347
426	0.4	TRUE	[128, 64, 32]	0.0001	50		59.6683	3610.7268	60.0893	-189.1824
427	0.4	TRUE	[128, 64, 32]	0.0001	75		37.2391	1422.2505	37.7127	-73.9121
428	0.4	TRUE	[128, 64, 32]	0.0001	100		8.9161	104.1411	10.205	-4.4853
429	0.4	TRUE	[128, 64, 32]	0.0001	125		3.7186	21.5597	4.6432	-0.1356
430	0.4	TRUE	[128, 64, 32]	0.001	25		70.9415	5051.9719	71.0772	-265.0949
431	0.4	TRUE	[128, 64, 32]	0.001	50		58.7246	3475.6697	58.9548	-182.0687
432	0.4	TRUE	[128, 64, 32]	0.001	75		36.8122	1387.8642	37.254	-72.1009
433	0.4	TRUE	[128, 64, 32]	0.001	100		10.3271	132.5354	11.5124	-5.9808
434	0.4	TRUE	[128, 64, 32]	0.001	125		4.2194	30.2902	5.5037	-0.5954
435	0.4	TRUE	[128, 64, 32]	0.01	25		71.1525	5081.7707	71.2865	-266.6645
436	0.4	TRUE	[128, 64, 32]	0.01	50		60.4974	3685.2544	60.7063	-193.1079
437	0.4	TRUE	[128, 64, 32]	0.01	75		38.3709	1519.1206	38.9759	-79.0144
438	0.4	TRUE	[128, 64, 32]	0.01	100		8.4474	94.5377	9.723	-3.9794
439	0.4	TRUE	[128, 64, 32]	0.01	125		3.9474	25.85	5.0843	-0.3616
440	0.4	TRUE	[64, 64]	0	25		69.9245	4911.5145	70.0822	-257.6968
441	0.4	TRUE	[64, 64]	0	50		45.1157	2094.2543	45.763	-109.3075
442	0.4	TRUE	[64, 64]	0	75		5.9595	53.8516	7.3384	-1.8364
443	0.4	TRUE	[64, 64]	0	100		3.9752	23.7007	4.8683	-0.2484
444	0.4	TRUE	[64, 64]	0	125		4.0495	26.0534	5.1043	-0.3723
445	0.4	TRUE	[64, 64]	0.0001	25		69.2213	4814.8252	69.3889	-252.6041
446	0.4	TRUE	[64, 64]	0.0001	50		44.632	2057.2787	45.3572	-107.3599
447	0.4	TRUE	[64, 64]	0.0001	75		6.5934	65.3309	8.0828	-2.4411
448	0.4	TRUE	[64, 64]	0.0001	100		4.1287	25.9575	5.0948	-0.3672
449	0.4	TRUE	[64, 64]	0.0001	125		3.7062	22.2771	4.7199	-0.1734
450	0.4	TRUE	[64, 64]	0.001	25		70.1465	4942.8942	70.3057	-259.3496
451	0.4	TRUE	[64, 64]	0.001	50		44.9262	2049.1201	45.2672	-106.9302
452	0.4	TRUE	[64, 64]	0.001	75		5.3013	42.1774	6.4944	-1.2215
453	0.4	TRUE	[64, 64]	0.001	100		4.0578	25.4712	5.0469	-0.3416
454	0.4	TRUE	[64, 64]	0.001	125		3.7445	21.9799	4.6883	-0.1577
455	0.4	TRUE	[64, 64]	0.01	25		69.3448	4829.5369	69.4949	-253.3789
456	0.4	TRUE	[64, 64]	0.01	50		44.0819	1993.3549	44.647	-103.993
457	0.4	TRUE	[64, 64]	0.01	75		6.6557	63.2	7.9498	-2.3288
458	0.4	TRUE	[64, 64]	0.01	100		3.7874	23.7006	4.8683	-0.2483
459	0.4	TRUE	[64, 64]	0.01	125		3.9111	24.6119	4.961	-0.2963
460	0.4	TRUE	[256, 128, 64]	0	25		70.0699	4931.0479	70.2214	-258.7257
461	0.4	TRUE	[256, 128, 64]	0	50		45.583	2118.8208	46.0307	-110.6015
462	0.4	TRUE	[256, 128, 64]	0	75		6.374	60.1896	7.7582	-2.1703
463	0.4	TRUE	[256, 128, 64]	0	100		4.1625	27.5636	5.2501	-0.4518
464	0.4	TRUE	[256, 128, 64]	0	125		3.5065	19.7076	4.4393	-0.038
465	0.4	TRUE	[256, 128, 64]	0.0001	25		70.327	4964.5776	70.4598	-260.4917
466	0.4	TRUE	[256, 128, 64]	0.0001	50		43.3103	1932.8501	43.9642	-100.8061
467	0.4	TRUE	[256, 128, 64]	0.0001	75		6.2559	58.984	7.6801	-2.1068
468	0.4	TRUE	[256, 128, 64]	0.0001	100		3.9028	24.0137	4.9004	-0.2648
469	0.4	TRUE	[256, 128, 64]	0.0001	125		3.9341	24.3107	4.9306	-0.2805
470	0.4	TRUE	[256, 128, 64]	0.001	25		66.9322	4504.4309	67.1151	-236.2551
471	0.4	TRUE	[256, 128, 64]	0.001	50		45.3282	2087.6476	45.6908	-108.9595
472	0.4	TRUE	[256, 128, 64]	0.001	75		6.1495	54.4437	7.3786	-1.8676
473	0.4	TRUE	[256, 128, 64]	0.001	100		3.8566	23.0634	4.8024	-0.2148
474	0.4	TRUE	[256, 128, 64]	0.001	125		3.9347	22.2668	4.7188	-0.1728
475	0.4	TRUE	[256, 128, 64]	0.01	25		70.0643	4929.743	70.2121	-258.657
476	0.4	TRUE	[256, 128, 64]	0.01	50		44.1872	1991.3777	44.6249	-103.8888
477	0.4	TRUE	[256, 128, 64]	0.01	75		5.6465	54.494	7.382	-1.8703
478	0.4	TRUE	[256, 128, 64]	0.01	100		3.915	23.793	4.8778	-0.2532
479	0.4	TRUE	[256, 128, 64]	0.01	125		3.817	22.1471	4.7061	-0.1665
480	0.4	TRUE	[128, 64, 32]	0	25		71.691	5160.1025	71.8339	-270.7903
481	0.4	TRUE	[128, 64, 32]	0	50		59.3243	3544.1545	59.5328	-185.6759
482	0.4	TRUE	[128, 64, 32]	0	75		36.9736	1405.2705	37.4869	-73.0177
483	0.4	TRUE	[128, 64, 32]	0	100		7.848	87.0792	9.3316	-3.5866
484	0.4	TRUE	[128, 64, 32]	0	125		4.1644	28.2126	5.3115	-0.486
485	0.4	TRUE	[128, 64, 32]	0.0001	25		72.1902	5230.1048	72.3195	-274.4775
486	0.4	TRUE	[128, 64, 32]	0.0001	50		58.6815	3472.1384	58.9249	-181.8827
487	0.4	TRUE	[128, 64, 32]	0.0001	75		37.7068	1461.6048	38.2309	-75.9849
488	0.4	TRUE	[128, 64, 32]	0.0001	100		9.3828	113.7248	10.6642	-4.9901
489	0.4	TRUE	[128, 64, 32]	0.0001	125		3.5864	21.9207	4.682	-0.1546
490	0.4	TRUE	[128, 64, 32]	0.001	25		70.861	5040.0759	70.9935	-264.4683
491	0.4	TRUE	[128, 64, 32]	0.001	50		58.7941	3490.4489	59.08	-182.8472
492	0.4	TRUE	[128, 64, 32]	0.001	75		36.8405	1405.5737	37.491	-73.0337
493	0.4	TRUE	[128, 64, 32]	0.001	100		8.7548	111.5444	10.5615	-4.8752
494	0.4	TRUE	[128, 64, 32]	0.001	125		3.963	24.0791	4.907	-0.2683
495	0.4	TRUE	[128, 64, 32]	0.01	25		73.8351	5471.7983	73.9716	-287.2078
496	0.4	TRUE	[128, 64, 32]	0.01	50		60.936	3739.9069	61.1548	-195.9865
497	0.4	TRUE	[128, 64, 32]	0.01	75		35.0213	1257.4666	35.4608	-65.2327
498	0.4	TRUE	[128, 64, 32]	0.01	100		9.185	112.7943	10.6205	-4.941
499	0.4	TRUE	[128, 64, 32]	0.01	125		3.9343	25.6138	5.061	-0.3491
500	0.5	TRUE	[64, 32, 16]	0	25		73.8027	5467.1041	73.9399	-286.9606
501	0.5	TRUE	[64, 32, 16]	0	50		68.7457	4747.0567	68.8989	-249.0346
502	0.5	TRUE	[64, 32, 16]	0	75		56.3033	3197.469	56.5462	-167.4155
503	0.5	TRUE	[64, 32, 16]	0	100		39.6765	1601.8285	40.0228	-83.3707
504	0.5	TRUE	[64, 32, 16]	0	125		23.9548	604.6428	24.5895	-30.8474
505	0.5	TRUE	[64, 32, 16]	0.0001	25		72.0039	5203.813	72.1375	-273.0926
506	0.5	TRUE	[64, 32, 16]	0.0001	50		66.6398	4465.0533	66.8211	-234.181
507	0.5	TRUE	[64, 32, 16]	0.0001	75		55.9799	3157.6113	56.1926	-165.3161
508	0.5	TRUE	[64, 32, 16]	0.0001	100		43.7515	1949.4022	44.152	-101.6779
509	0.5	TRUE	[64, 32, 16]	0.0001	125		23.4107	570.4412	23.8839	-29.046
510	0.5	TRUE	[64, 32, 16]	0.001	25		73.4685	5417.8979	73.6064	-284.3688
511	0.5	TRUE	[64, 32, 16]	0.001	50		67.0862	4523.0335	67.2535	-237.235
512	0.5	TRUE	[64, 32, 16]	0.001	75		55.7694	3138.5506	56.0228	-164.3122
513	0.5	TRUE	[64, 32, 16]	0.001	100		41.3208	1736.4548	41.6708	-90.4617
514	0.5	TRUE	[64, 32, 16]	0.001	125		23.5208	574.9315	23.9777	-29.2825
515	0.5	TRUE	[64, 32, 16]	0.01	25		73.0786	5359.4949	73.2086	-281.2926
516	0.5	TRUE	[64, 32, 16]	0.01	50		66.3697	4428.827	66.5494	-232.273
517	0.5	TRUE	[64, 32, 16]	0.01	75		56.9089	3275.9225	57.2357	-171.5477
518	0.5	TRUE	[64, 32, 16]	0.01	100		41.378	1742.3211	41.7411	-90.7707
519	0.5	TRUE	[64, 32, 16]	0.01	125		19.3933	403.3497	20.0836	-20.245
520	0.5	TRUE	[128, 64, 32]	0	25		71.5127	5133.8416	71.6508	-269.4071
521	0.5	TRUE	[128, 64, 32]	0	50		59.4712	3559.133	59.6585	-186.4649
522	0.5	TRUE	[128, 64, 32]	0	75		40.1414	1644.8446	40.5567	-85.6364
523	0.5	TRUE	[128, 64, 32]	0	100		12.9589	194.0225	13.9292	-9.2195
524	0.5	TRUE	[128, 64, 32]	0	125		3.7995	22.6807	4.7624	-0.1946
525	0.5	TRUE	[128, 64, 32]	0.0001	25		71.8008	5174.8044	71.9361	-271.5647
526	0.5	TRUE	[128, 64, 32]	0.0001	50		60.2358	3651.734	60.4296	-191.3423
527	0.5	TRUE	[128, 64, 32]	0.0001	75		37.9595	1499.0722	38.7179	-77.9584
528	0.5	TRUE	[128, 64, 32]	0.0001	100		9.6494	122.5076	11.0683	-5.4527
529	0.5	TRUE	[128, 64, 32]	0.0001	125		4.6131	34.8542	5.9037	-0.8358
530	0.5	TRUE	[128, 64, 32]	0.001	25		72.6032	5290.7329	72.7374	-277.6708
531	0.5	TRUE	[128, 64, 32]	0.001	50		62.2254	3894.2265	62.4037	-204.1147
532	0.5	TRUE	[128, 64, 32]	0.001	75		39.2616	1567.9124	39.5969	-81.5843
533	0.5	TRUE	[128, 64, 32]	0.001	100		11.5463	161.7723	12.719	-7.5208
534	0.5	TRUE	[128, 64, 32]	0.001	125		4.7747	36.8445	6.07	-0.9407
535	0.5	TRUE	[128, 64, 32]	0.01	25		71.0456	5067.0413	71.1832	-265.8887
536	0.5	TRUE	[128, 64, 32]	0.01	50		61.5962	3817.0622	61.7824	-200.0504
537	0.5	TRUE	[128, 64, 32]	0.01	75		36.355	1356.0092	36.824	-70.423
538	0.5	TRUE	[128, 64, 32]	0.01	100		13.8038	217.3309	14.7421	-10.4471
539	0.5	TRUE	[128, 64, 32]	0.01	125		5.0471	45.0117	6.7091	-1.3708
540	0.5	TRUE	[64, 64]	0	25		71.2209	5092.5247	71.3619	-267.2309
541	0.5	TRUE	[64, 64]	0	50		46.6168	2224.3217	47.1627	-116.1584
542	0.5	TRUE	[64, 64]	0	75		6.5773	64.4085	8.0255	-2.3925
543	0.5	TRUE	[64, 64]	0	100		4.3331	32.2403	5.6781	-0.6981
544	0.5	TRUE	[64, 64]	0	125		3.7473	22.6093	4.7549	-0.1909
545	0.5	TRUE	[64, 64]	0.0001	25		71.0298	5064.2189	71.1633	-265.74
546	0.5	TRUE	[64, 64]	0.0001	50		47.4773	2282.9978	47.7807	-119.2489
547	0.5	TRUE	[64, 64]	0.0001	75		10.8864	144.3147	12.0131	-6.6013
548	0.5	TRUE	[64, 64]	0.0001	100		4.1879	27.4855	5.2427	-0.4477
549	0.5	TRUE	[64, 64]	0.0001	125		4.1294	26.1743	5.1161	-0.3786
550	0.5	TRUE	[64, 64]	0.001	25		69.8046	4892.2074	69.9443	-256.6799
551	0.5	TRUE	[64, 64]	0.001	50		46.5638	2209.9352	47.0099	-115.4006
552	0.5	TRUE	[64, 64]	0.001	75		8.508	101.9964	10.0993	-4.3723
553	0.5	TRUE	[64, 64]	0.001	100		4.1609	28.7448	5.3614	-0.514
554	0.5	TRUE	[64, 64]	0.001	125		3.9816	23.6693	4.8651	-0.2467
555	0.5	TRUE	[64, 64]	0.01	25		70.5808	5001.0209	70.7179	-262.4113
556	0.5	TRUE	[64, 64]	0.01	50		49.2721	2467.3322	49.6722	-128.9581
557	0.5	TRUE	[64, 64]	0.01	75		8.0323	85.6557	9.255	-3.5116
558	0.5	TRUE	[64, 64]	0.01	100		3.7879	22.7643	4.7712	-0.199
559	0.5	TRUE	[64, 64]	0.01	125		3.7563	22.4996	4.7434	-0.1851
560	0.5	TRUE	[256, 128, 64]	0	25		70.5925	5002.4144	70.7277	-262.4847
561	0.5	TRUE	[256, 128, 64]	0	50		44.8481	2062.5669	45.4155	-107.6385
562	0.5	TRUE	[256, 128, 64]	0	75		8.3754	93.4854	9.6688	-3.924
563	0.5	TRUE	[256, 128, 64]	0	100		4.0589	26.6735	5.1646	-0.4049
564	0.5	TRUE	[256, 128, 64]	0	125		3.6978	22.355	4.7281	-0.1775
565	0.5	TRUE	[256, 128, 64]	0.0001	25		70.3841	4972.4546	70.5156	-260.9066
566	0.5	TRUE	[256, 128, 64]	0.0001	50		49.388	2489.9523	49.8994	-130.1495
567	0.5	TRUE	[256, 128, 64]	0.0001	75		6.931	68.6515	8.2856	-2.616
568	0.5	TRUE	[256, 128, 64]	0.0001	100		3.8577	23.431	4.8406	-0.2341
569	0.5	TRUE	[256, 128, 64]	0.0001	125		4.0041	25.4337	5.0432	-0.3396
570	0.5	TRUE	[256, 128, 64]	0.001	25		69.7492	4884.0678	69.8861	-256.2512
571	0.5	TRUE	[256, 128, 64]	0.001	50		48.1027	2346.6775	48.4425	-122.603
572	0.5	TRUE	[256, 128, 64]	0.001	75		7.6405	87.7057	9.3651	-3.6196
573	0.5	TRUE	[256, 128, 64]	0.001	100		3.9674	26.1851	5.1171	-0.3792
574	0.5	TRUE	[256, 128, 64]	0.001	125		3.7174	21.577	4.6451	-0.1365
575	0.5	TRUE	[256, 128, 64]	0.01	25		71.1935	5088.8903	71.3365	-267.0395
576	0.5	TRUE	[256, 128, 64]	0.01	50		47.7735	2313.5213	48.0991	-120.8566
577	0.5	TRUE	[256, 128, 64]	0.01	75		8.2526	91.2507	9.5525	-3.8063
578	0.5	TRUE	[256, 128, 64]	0.01	100		3.6604	20.9097	4.5727	-0.1013
579	0.5	TRUE	[256, 128, 64]	0.01	125		3.7072	23.0177	4.7977	-0.2124
580	0.5	TRUE	[128, 64, 32]	0	25		72.9813	5345.4277	73.1124	-280.5517
581	0.5	TRUE	[128, 64, 32]	0	50		61.2927	3781.7039	61.4956	-198.188
582	0.5	TRUE	[128, 64, 32]	0	75		37.9518	1480.8619	38.482	-76.9992
583	0.5	TRUE	[128, 64, 32]	0	100		10.808	145.191	12.0495	-6.6474
584	0.5	TRUE	[128, 64, 32]	0	125		4.9419	38.7265	6.2231	-1.0398
585	0.5	TRUE	[128, 64, 32]	0.0001	25		70.989	5059.1836	71.1279	-265.4748
586	0.5	TRUE	[128, 64, 32]	0.0001	50		61.4443	3795.9445	61.6112	-198.9381
587	0.5	TRUE	[128, 64, 32]	0.0001	75		38.8751	1545.3633	39.3111	-80.3966
588	0.5	TRUE	[128, 64, 32]	0.0001	100		11.8323	161.4671	12.707	-7.5047
589	0.5	TRUE	[128, 64, 32]	0.0001	125		3.8794	24.2364	4.9231	-0.2766
590	0.5	TRUE	[128, 64, 32]	0.001	25		72.6258	5294.0446	72.7602	-277.8453
591	0.5	TRUE	[128, 64, 32]	0.001	50		60.1673	3647.403	60.3937	-191.1142
592	0.5	TRUE	[128, 64, 32]	0.001	75		36.7924	1390.0137	37.2829	-72.2141
593	0.5	TRUE	[128, 64, 32]	0.001	100		12.0096	172.433	13.1314	-8.0823
594	0.5	TRUE	[128, 64, 32]	0.001	125		5.4814	48.5827	6.9701	-1.5589
595	0.5	TRUE	[128, 64, 32]	0.01	25		71.6446	5152.3446	71.7798	-270.3817
596	0.5	TRUE	[128, 64, 32]	0.01	50		59.2949	3538.3659	59.4842	-185.371
597	0.5	TRUE	[128, 64, 32]	0.01	75		33.8711	1180.6909	34.3612	-61.1888
598	0.5	TRUE	[128, 64, 32]	0.01	100		13.2568	197.8306	14.0652	-9.42
599	0.5	TRUE	[128, 64, 32]	0.01	125		3.8213	24.5387	4.9537	-0.2925

Model 254 has the lowest MAE only of 3.4335

Dropout Rate: 0.2
Layer Sizes: [64, 64]
L2: 0.001
Epochs: 125


Model 464 has the lowest MSE, RMSE, and R2 of 19.7076, 4.4393, and -0.038 respectively.

Dropout Rate: 0.4
Layer Sizes: [256, 128, 64]
L2: 0
Epochs: 125